0 0.724758 0.717104 0.232641 0.565792
0 0.557547 0.731396 0.217500 0.446292
0 0.445375 0.747188 0.154969 0.394083
0 0.349773 0.742760 0.134734 0.294438
0 0.060297 0.940312 0.074219 0.114667
0 0.929266 0.665979 0.139469 0.496333
0 0.106922 0.956021 0.086781 0.087667
0 0.168141 0.984542 0.090500 0.030917
4 0.759266 0.254083 0.480344 0.498875
4 0.423164 0.346031 0.205297 0.365187
4 0.218813 0.502896 0.151656 0.303417
4 0.124578 0.547906 0.077438 0.196813
4 0.085297 0.563000 0.080031 0.164625
4 0.044586 0.581385 0.049922 0.130438
4 0.299406 0.422635 0.127562 0.273187
4 0.912984 0.177927 0.174031 0.335063
4 0.018539 0.613958 0.037078 0.061708