1 0.774531 0.293820 0.308604 0.168547
1 0.537458 0.260313 0.167708 0.111344
1 0.672437 0.138281 0.141917 0.123375
1 0.410021 0.355867 0.081375 0.075109
1 0.892125 0.169453 0.069208 0.052969
1 0.831646 0.173398 0.061083 0.046766
1 0.814813 0.550242 0.141833 0.274234
1 0.347990 0.240680 0.034813 0.057203
1 0.387635 0.245680 0.043937 0.063297
5 0.102927 0.420250 0.191062 0.179719
1 0.834458 0.111797 0.224708 0.177531
1 0.559708 0.150172 0.119250 0.111813
1 0.964104 0.074883 0.071792 0.118797
5 0.174896 0.714805 0.329000 0.335078
5 0.088573 0.562742 0.153479 0.086734
1 0.961073 0.298359 0.077854 0.191812