5 0.081469 0.861854 0.158406 0.250000
5 0.448391 0.782792 0.141937 0.210750
5 0.608758 0.713927 0.067547 0.130396
5 0.684805 0.693646 0.057141 0.115958
5 0.960313 0.653781 0.063250 0.064229
5 0.796367 0.633875 0.026766 0.021875
5 0.748398 0.680677 0.040328 0.094937
5 0.872102 0.618240 0.019516 0.032396
5 0.888727 0.658750 0.080734 0.047042
5 0.837625 0.563490 0.063875 0.074854
5 0.843203 0.589625 0.068594 0.068583
5 0.834203 0.587354 0.061625 0.076208
5 0.710102 0.683688 0.031516 0.089750
5 0.900000 0.604167 0.196875 0.129167