5 0.246592 0.655055 0.160731 0.104828
5 0.114375 0.681719 0.162665 0.176812
5 0.967524 0.608180 0.064009 0.078922
5 0.929847 0.710406 0.140307 0.086688
5 0.450873 0.697602 0.519858 0.085047
5 0.155660 0.559914 0.089528 0.026422
5 0.099575 0.558328 0.088255 0.049188
5 0.961226 0.529188 0.077547 0.075313
5 0.888561 0.524117 0.078443 0.069953
5 0.848620 0.518820 0.036863 0.071984
5 0.240755 0.545531 0.073774 0.038937
5 0.764092 0.505352 0.053939 0.058266
5 0.960554 0.640258 0.078420 0.054547
5 0.476415 0.609375 0.952830 0.337500