5 0.987930 0.837021 0.023234 0.109708
5 0.635703 0.907510 0.119500 0.184979
5 0.086141 0.900094 0.117375 0.174104
5 0.189914 0.947625 0.161109 0.072958
5 0.452797 0.672417 0.037312 0.094958
5 0.712156 0.771229 0.081937 0.039375
5 0.140813 0.815021 0.105563 0.062500
5 0.228375 0.805698 0.093781 0.020604
5 0.258000 0.723990 0.060406 0.093938
5 0.185828 0.694177 0.059437 0.026146
5 0.739797 0.869458 0.122469 0.054167
5 0.933414 0.800625 0.089828 0.164250
5 0.247578 0.842281 0.113625 0.056521
5 0.874789 0.794198 0.054047 0.063938
5 0.487500 0.776042 0.968750 0.347917