5 0.150867 0.778152 0.106203 0.414426
5 0.558508 0.546127 0.097078 0.052756
5 0.445219 0.579927 0.097312 0.077850
5 0.552500 0.593257 0.122781 0.089896
5 0.562500 0.504885 0.067906 0.040042
5 0.711578 0.684530 0.109500 0.155866
5 0.584047 0.719290 0.151875 0.175031
5 0.317031 0.817975 0.233781 0.337077
5 0.665555 0.589697 0.105484 0.105157
5 0.909055 0.615720 0.082422 0.112359
5 0.979602 0.589457 0.040797 0.095073
4 0.257195 0.449656 0.069797 0.012088
5 0.201203 0.538967 0.075813 0.070125
5 0.354828 0.547797 0.058156 0.095846
5 0.757031 0.539666 0.189062 0.077244