3 0.536740 0.306581 0.076520 0.060351
3 0.620190 0.306216 0.075220 0.054108
5 0.127120 0.901568 0.254240 0.192757
5 0.906170 0.911865 0.187260 0.173838
5 0.770380 0.652243 0.151400 0.262432
5 0.527900 0.560054 0.153800 0.090216
5 0.285700 0.730919 0.155640 0.428432
5 0.442180 0.423230 0.032160 0.148676
5 0.519800 0.493676 0.116560 0.090000
5 0.698430 0.525838 0.123060 0.152811
5 0.649700 0.453716 0.083040 0.129973
5 0.357530 0.524730 0.133020 0.137081
5 0.521730 0.408203 0.082860 0.035054
5 0.535300 0.905189 0.297920 0.163622
5 0.259190 0.432459 0.067060 0.155622
5 0.249000 0.435135 0.362000 0.156757