5 0.163727 0.235059 0.075078 0.168192
5 0.234547 0.214448 0.081781 0.172418
5 0.089172 0.213134 0.104531 0.185235
5 0.287992 0.174554 0.057391 0.155352
5 0.279352 0.114167 0.039547 0.083545
5 0.658453 0.282324 0.111906 0.200423
5 0.481992 0.227171 0.092641 0.200258
6 0.684148 0.691197 0.267297 0.376291
6 0.834961 0.858063 0.330078 0.279554
6 0.136117 0.871725 0.260828 0.235563
5 0.136437 0.081279 0.047531 0.060634
5 0.189539 0.065880 0.051766 0.044061
5 0.684125 0.688768 0.270781 0.364249
5 0.085852 0.161291 0.099391 0.132113
5 0.831578 0.859167 0.336844 0.281667