5 0.281797 0.829677 0.036781 0.118104
5 0.191711 0.698646 0.048172 0.096625
5 0.138844 0.665135 0.048156 0.099354
5 0.393227 0.573177 0.033547 0.041771
5 0.253016 0.595240 0.033875 0.076437
5 0.458789 0.933917 0.066016 0.132167
5 0.477578 0.552406 0.040625 0.080563
5 0.406914 0.499458 0.019953 0.033875
5 0.604609 0.590781 0.026156 0.052896
5 0.617453 0.708792 0.043656 0.075750
5 0.761250 0.790156 0.056063 0.079479
5 0.590930 0.831865 0.060984 0.098729
5 0.726312 0.950104 0.043375 0.099792
5 0.504687 0.769792 0.918750 0.456250