5 0.527289 0.570972 0.073172 0.243021
6 0.803531 0.807084 0.392937 0.366956
6 0.064758 0.775351 0.129516 0.329625
5 0.811703 0.469742 0.043969 0.035082
5 0.449672 0.603899 0.058125 0.152295
7 0.188562 0.503279 0.037812 0.114052
2 0.598938 0.454180 0.094375 0.252998
5 0.215047 0.619368 0.207187 0.307822
4 0.469078 0.469520 0.023969 0.010468
4 0.418188 0.467635 0.033344 0.009040
5 0.806945 0.565246 0.057453 0.176815
3 0.372211 0.347119 0.038297 0.053255
5 0.668063 0.657553 0.272781 0.395855
5 0.391391 0.595293 0.066062 0.148525