1 0.432437 0.416066 0.074875 0.109321
5 0.576148 0.458923 0.044297 0.096534
5 0.632773 0.391780 0.029047 0.023653
5 0.861617 0.508232 0.047391 0.112061
5 0.625031 0.452061 0.028094 0.094988
5 0.579820 0.397178 0.029266 0.033747
6 0.778695 0.704789 0.184547 0.330187
6 0.614328 0.867447 0.451469 0.235550
5 0.648297 0.444824 0.022156 0.085995
2 0.937195 0.411557 0.076922 0.184145
6 0.759133 0.519614 0.207234 0.132436
5 0.068625 0.665351 0.120469 0.136979
5 0.057297 0.614930 0.113250 0.142084
5 0.805852 0.462260 0.037609 0.047658
5 0.741594 0.447166 0.042281 0.042248