5 0.492875 0.643595 0.016625 0.040579
5 0.380531 0.619793 0.014594 0.011942
5 0.349320 0.639690 0.017547 0.036942
5 0.413328 0.643254 0.018750 0.038409
5 0.394977 0.645682 0.019109 0.037645
5 0.403891 0.620258 0.014688 0.011798
5 0.604359 0.645930 0.017188 0.045041
5 0.523922 0.644907 0.024813 0.041343
5 0.624023 0.644959 0.017297 0.036612
5 0.369211 0.640888 0.012953 0.032686
5 0.331523 0.633512 0.013609 0.055744
5 0.649719 0.639205 0.022562 0.039070
5 0.545102 0.645868 0.022234 0.044339
5 0.517188 0.629132 0.328125 0.047521