6 0.167740 0.752920 0.325800 0.322587
6 0.253230 0.906453 0.403220 0.182773
6 0.103090 0.580880 0.116740 0.160800
6 0.133950 0.568947 0.267900 0.158267
5 0.228050 0.543920 0.084460 0.121600
5 0.101640 0.582307 0.124760 0.158267
5 0.668620 0.679653 0.083280 0.292533
5 0.522230 0.621707 0.061940 0.165173
5 0.290310 0.560240 0.051140 0.076907
5 0.483460 0.586400 0.096440 0.137173
5 0.056150 0.509640 0.059060 0.035440
5 0.170250 0.799000 0.340500 0.402000
5 0.260070 0.903893 0.387660 0.192213
5 0.177380 0.555387 0.033040 0.080480
5 0.367280 0.608320 0.120960 0.177547